image: facility.pgm
resolution: 0.050000
origin: [-2.782015, -3.431138, 0.000000]
negate: 0
occupied_thresh: 0.65
free_thresh: 0.196

